{
 "cells": [
  {
   "cell_type": "markdown",
   "id": "98eaf3da",
   "metadata": {},
   "source": [
    "# Milestone 2 - Imports, functions, and prep"
   ]
  },
  {
   "cell_type": "code",
   "execution_count": 2,
   "id": "041dd501",
   "metadata": {},
   "outputs": [
    {
     "name": "stdout",
     "output_type": "stream",
     "text": [
      "download: starting antonkozyriev/game-recommendations-on-steam\n",
      "download: done antonkozyriev/game-recommendations-on-steam -> /Users/chandlercampbell/.cache/kagglehub/datasets/antonkozyriev/game-recommendations-on-steam/versions/28 in 0.25 sec\n",
      "download: starting olistbr/brazilian-ecommerce\n",
      "download: done olistbr/brazilian-ecommerce -> /Users/chandlercampbell/.cache/kagglehub/datasets/olistbr/brazilian-ecommerce/versions/2 in 0.206 sec\n",
      "download: starting ashaheedq/video-games-sales-2019\n",
      "download: done ashaheedq/video-games-sales-2019 -> /Users/chandlercampbell/.cache/kagglehub/datasets/ashaheedq/video-games-sales-2019/versions/2 in 0.214 sec\n",
      "steam: start\n",
      "steam: shapes games=(50872, 13), users=(14306064, 3), recs=(41154794, 8), meta=(50872, 3)\n",
      "stratified_sample: picked 50000 of 41154794 rows in 5.788 sec\n",
      "steam: merge games with metadata\n",
      "steam: merge recommendations with games\n",
      "steam: merge with users\n",
      "dates: converting possible date/time columns\n",
      "steam: done shape=(50000, 24)\n",
      "olist: start\n",
      "olist: shapes customers=(99441, 5), geolocation=(1000163, 5), items=(112650, 7), payments=(103886, 5), reviews=(99224, 7), orders=(99441, 8), products=(32951, 9), sellers=(3095, 4), cat_trans=(71, 2)\n",
      "olist: sample orders\n",
      "simple_random_sample: picked 50000 of 99441 rows in 0.004 sec\n",
      "olist: filter items for sampled orders\n",
      "olist: merge category translation\n",
      "olist: build product review stats\n",
      "olist: merge items, products, and sellers\n",
      "olist: build basic zip geo\n",
      "olist: merge customers with geo\n",
      "olist: aggregate payments\n",
      "olist: assemble main table\n",
      "olist: merge payments\n",
      "olist: merge product stats\n",
      "dates: converting possible date/time columns\n",
      "olist: shape after assemble (57112, 38)\n",
      "olist: done\n",
      "vg2019: start\n",
      "vg2019: loaded vgsales-12-4-2019-short.csv with shape (55792, 16)\n",
      "vg2019: stratified sample by Genre\n",
      "stratified_sample: class counts too small for requested size, falling back to simple sample\n",
      "simple_random_sample: picked 50000 of 55792 rows in 0.003 sec\n",
      "vg2019: done shape=(50000, 16)\n",
      "main: load all done in 16.89 sec (00:00:16)\n",
      "download: shapes summary\n",
      "download: steam shape = (50000, 24)\n",
      "download: olist shape = (57112, 38)\n",
      "download: sales shape = (50000, 16)\n",
      "=== Robust EDA Report: steam ===\n",
      "\n",
      "=== Info ===\n",
      " rows  columns  memory_bytes\n",
      "50000       24      29489278\n",
      "\n",
      "=== Dtypes ===\n",
      "        column          dtype\n",
      "        app_id          int64\n",
      "          date datetime64[ns]\n",
      "  date_release datetime64[ns]\n",
      "   description         object\n",
      "      discount        float64\n",
      "         funny          int64\n",
      "       helpful          int64\n",
      "         hours        float64\n",
      "is_recommended           bool\n",
      "         linux           bool\n",
      "           mac           bool\n",
      "positive_ratio          int64\n",
      "   price_final        float64\n",
      "price_original        float64\n",
      "      products          int64\n",
      "        rating         object\n",
      "     review_id          int64\n",
      "       reviews          int64\n",
      "    steam_deck           bool\n",
      "          tags         object\n",
      "         title         object\n",
      "       user_id          int64\n",
      "  user_reviews          int64\n",
      "           win           bool\n",
      "\n",
      "=== Missing Values ===\n",
      "        column  missing_count  missing_percent\n",
      "        app_id              0         0.000000\n",
      "       helpful              0         0.000000\n",
      "         funny              0         0.000000\n",
      "          date              0         0.000000\n",
      "is_recommended              0         0.000000\n",
      "         hours              0         0.000000\n",
      "       user_id              0         0.000000\n",
      "     review_id              0         0.000000\n",
      "         title              0         0.000000\n",
      "  date_release              0         0.000000\n",
      "           win              0         0.000000\n",
      "           mac              0         0.000000\n",
      "         linux              0         0.000000\n",
      "        rating              0         0.000000\n",
      "positive_ratio              0         0.000000\n",
      "  user_reviews              0         0.000000\n",
      "   price_final              0         0.000000\n",
      "price_original              0         0.000000\n",
      "      discount              0         0.000000\n",
      "    steam_deck              0         0.000000\n",
      "   description              0         0.000000\n",
      "          tags              0         0.000000\n",
      "      products              0         0.000000\n",
      "       reviews              0         0.000000\n",
      "\n",
      "=== Duplicates Summary ===\n",
      " duplicate_rows\n",
      "              0\n",
      "\n",
      "=== Duplicates Preview (up to 20 rows) ===\n",
      "(No duplicate rows found.)\n",
      "\n",
      "=== Numeric Summary (5%..95%) ===\n",
      "        column        count            mean             std        min             5%             25%             50%             75%             95%             max\n",
      "        app_id 50000.000000   604386.821920   473608.047249  10.000000    8190.000000   253822.500000   438100.000000   931692.500000  1548063.500000  2209680.000000\n",
      "       helpful 50000.000000        3.388320       48.100170   0.000000       0.000000        0.000000        0.000000        0.000000        8.000000     5027.000000\n",
      "         funny 50000.000000        1.061980       22.062309   0.000000       0.000000        0.000000        0.000000        0.000000        2.000000     3253.000000\n",
      "         hours 50000.000000       99.615634      175.352559   0.000000       0.900000        7.600000       26.800000       96.900000      509.815000      999.900000\n",
      "       user_id 50000.000000  7438268.158040  4003348.467786 208.000000  786397.300000  4301076.750000  7524689.500000 10938626.500000 13583492.050000 14306019.000000\n",
      "     review_id 50000.000000 20596746.315540 11892157.189810 735.000000 2096865.000000 10282100.000000 20630696.000000 30939699.500000 39123646.150000 41154746.000000\n",
      "positive_ratio 50000.000000       86.155860       11.191704   5.000000      63.000000       82.000000       89.000000       94.000000       97.000000      100.000000\n",
      "  user_reviews 50000.000000   174832.574400   585639.057886  10.000000     610.000000    10022.000000    45437.000000   136118.000000   637341.000000  7494460.000000\n",
      "   price_final 50000.000000       18.592937       16.628919   0.000000       0.000000        4.990000       15.000000       29.990000       59.990000      269.990000\n",
      "price_original 50000.000000        7.390880       12.026922   0.000000       0.000000        0.000000        0.000000       14.990000       29.990000      269.990000\n",
      "      discount 50000.000000        3.172860       14.852819   0.000000       0.000000        0.000000        0.000000        0.000000        0.000000       90.000000\n",
      "      products 50000.000000      280.476700      667.973941   0.000000      12.000000       50.000000      118.000000      271.000000      972.050000    19774.000000\n",
      "       reviews 50000.000000       25.409820      152.289019   1.000000       1.000000        2.000000        5.000000       15.000000       77.000000     6045.000000\n",
      "\n",
      "=== Skew and Kurtosis ===\n",
      "        column      skew     kurtosis\n",
      "        app_id  0.914348     0.032441\n",
      "       helpful 63.069456  5377.551991\n",
      "         funny 83.730385 10381.757786\n",
      "         hours  2.780283     7.925062\n",
      "       user_id -0.107888    -1.093777\n",
      "     review_id  0.000756    -1.200249\n",
      "positive_ratio -1.889444     4.977519\n",
      "  user_reviews 10.177082   120.598312\n",
      "   price_final  0.970909     1.221330\n",
      "price_original  2.069484     8.252515\n",
      "      discount  4.667906    20.489944\n",
      "      products 10.997543   198.106264\n",
      "       reviews 23.284921   694.609883\n",
      "\n",
      "=== IQR Outlier Counts ===\n",
      "        column  outlier_count\n",
      "        app_id            284\n",
      "       helpful          10452\n",
      "         funny           3186\n",
      "         hours           6467\n",
      "       user_id              0\n",
      "     review_id              0\n",
      "positive_ratio           2576\n",
      "  user_reviews           5960\n",
      "   price_final             74\n",
      "price_original           1709\n",
      "      discount           2322\n",
      "      products           4804\n",
      "       reviews           5972\n",
      "\n",
      "=== Correlation (first 30 numeric columns) ===\n",
      "                  app_id   helpful     funny     hours   user_id  review_id  positive_ratio  user_reviews  price_final  price_original  discount  products   reviews\n",
      "column                                                                                                                                                              \n",
      "app_id          1.000000  0.010414 -0.000229 -0.135382 -0.033861   0.019226       -0.175459     -0.156878     0.102002        0.013584 -0.027496 -0.015548  0.003449\n",
      "helpful         0.010414  1.000000  0.460877  0.002812 -0.000791  -0.006158       -0.033147      0.005027    -0.001265       -0.001109 -0.003183  0.025261  0.006439\n",
      "funny          -0.000229  0.460877  1.000000  0.002910 -0.001281  -0.006928       -0.006071      0.005923    -0.000198       -0.007926 -0.002022  0.006957  0.000226\n",
      "hours          -0.135382  0.002812  0.002910  1.000000  0.000691  -0.230449        0.014522      0.257987     0.044516       -0.154936 -0.077975 -0.076859 -0.058002\n",
      "user_id        -0.033861 -0.000791 -0.001281  0.000691  1.000000   0.017403       -0.013680     -0.027008    -0.006468        0.036219  0.010384  0.057566  0.021900\n",
      "review_id       0.019226 -0.006158 -0.006928 -0.230449  0.017403   1.000000       -0.113850     -0.167942    -0.247486        0.201986  0.093024  0.100148  0.084958\n",
      "positive_ratio -0.175459 -0.033147 -0.006071  0.014522 -0.013680  -0.113850        1.000000      0.027641     0.019425       -0.102207 -0.008676 -0.041452 -0.044298\n",
      "user_reviews   -0.156878  0.005027  0.005923  0.257987 -0.027008  -0.167942        0.027641      1.000000    -0.048944       -0.159729 -0.054289 -0.059994 -0.032622\n",
      "price_final     0.102002 -0.001265 -0.000198  0.044516 -0.006468  -0.247486        0.019425     -0.048944     1.000000        0.207309 -0.166178 -0.040504 -0.055280\n",
      "price_original  0.013584 -0.001109 -0.007926 -0.154936  0.036219   0.201986       -0.102207     -0.159729     0.207309        1.000000  0.250320  0.077928  0.016595\n",
      "discount       -0.027496 -0.003183 -0.002022 -0.077975  0.010384   0.093024       -0.008676     -0.054289    -0.166178        0.250320  1.000000  0.035773  0.026340\n",
      "products       -0.015548  0.025261  0.006957 -0.076859  0.057566   0.100148       -0.041452     -0.059994    -0.040504        0.077928  0.035773  1.000000  0.357939\n",
      "reviews         0.003449  0.006439  0.000226 -0.058002  0.021900   0.084958       -0.044298     -0.032622    -0.055280        0.016595  0.026340  0.357939  1.000000\n",
      "\n",
      "=== Categorical Values (Top 20 per column) ===\n",
      "        column               value  count   percent\n",
      "          date 2019-06-29 00:00:00    284  0.570000\n",
      "          date 2021-11-25 00:00:00    187  0.370000\n",
      "          date 2022-11-22 00:00:00    184  0.370000\n",
      "          date 2019-06-30 00:00:00    170  0.340000\n",
      "          date 2020-11-26 00:00:00    169  0.340000\n",
      "          date 2022-11-23 00:00:00    168  0.340000\n",
      "          date 2020-11-25 00:00:00    162  0.320000\n",
      "          date 2021-11-24 00:00:00    162  0.320000\n",
      "          date 2019-07-01 00:00:00    142  0.280000\n",
      "          date 2022-11-24 00:00:00    129  0.260000\n",
      "          date 2021-11-26 00:00:00    126  0.250000\n",
      "          date 2018-11-21 00:00:00    124  0.250000\n",
      "          date 2018-11-22 00:00:00    117  0.230000\n",
      "          date 2022-11-25 00:00:00    111  0.220000\n",
      "          date 2020-11-27 00:00:00    109  0.220000\n",
      "          date 2016-11-23 00:00:00    104  0.210000\n",
      "          date 2019-11-27 00:00:00    102  0.200000\n",
      "          date 2021-11-27 00:00:00    102  0.200000\n",
      "          date 2022-11-26 00:00:00     97  0.190000\n",
      "          date 2019-11-26 00:00:00     95  0.190000\n",
      "is_recommended                True  42892 85.780000\n",
      "is_recommended               False   7108 14.220000\n",
      "         title     Team Fortress 2    399  0.800000\n",
      "         title                Rust    311  0.620000\n",
      "         title      Cyberpunk 2077    291  0.580000\n",
      "\n",
      "=== Unique Counts Per Column ===\n",
      "        column  unique_values\n",
      "        app_id    6829.000000\n",
      "       helpful     268.000000\n",
      "         funny     163.000000\n",
      "          date    3622.000000\n",
      "is_recommended       2.000000\n",
      "         hours    6248.000000\n",
      "       user_id   49418.000000\n",
      "     review_id   50000.000000\n",
      "         title    6828.000000\n",
      "  date_release    2821.000000\n",
      "           win       2.000000\n",
      "           mac       2.000000\n",
      "         linux       2.000000\n",
      "        rating       9.000000\n",
      "positive_ratio      88.000000\n",
      "  user_reviews    4262.000000\n",
      "   price_final     177.000000\n",
      "price_original      67.000000\n",
      "      discount      40.000000\n",
      "    steam_deck       2.000000\n",
      "   description    6246.000000\n",
      "          tags            NaN\n",
      "      products    2375.000000\n",
      "       reviews     527.000000\n",
      "\n",
      "=== Head (10 rows) ===\n",
      " app_id  helpful  funny       date  is_recommended      hours  user_id  review_id                        title date_release  win   mac  linux                  rating  positive_ratio  user_reviews  price_final  price_original  discount  steam_deck description tags  products  reviews\n",
      " 292030        0      0 2016-02-02            True 182.500000  3285412        735    The Witcher® 3: Wild Hunt   2015-05-18 True False  False Overwhelmingly Positive              96        668455    40.000000        0.000000  0.000000        True               []       239        2\n",
      " 376210        0      0 2021-05-09            True  87.800000  7746149        791                     The Isle   2015-12-01 True False  False           Very Positive              83         63564    20.000000        0.000000  0.000000        True               []       184        5\n",
      "1938090        0      0 2022-11-21           False   8.100000  1503047       1472                Call of Duty®   2022-10-27 True False  False                   Mixed              59        429206     0.000000        0.000000  0.000000        True               []       100       56\n",
      "1222670        0      0 2022-09-18            True 118.800000  3860966       1499                  The Sims™ 4   2020-06-18 True False  False           Very Positive              87        110750     0.000000        0.000000  0.000000        True               []         5        1\n",
      " 620980        0      0 2020-08-16            True  42.300000  8024999       1894                   Beat Saber   2019-05-21 True False  False Overwhelmingly Positive              95         63695    30.000000        0.000000  0.000000        True               []       280       77\n",
      "1091500        0      0 2022-12-28           False   4.400000  3320671       2802               Cyberpunk 2077   2020-12-09 True False  False           Very Positive              80        557051    60.000000        0.000000  0.000000        True               []        68        5\n",
      "1237320        0      0 2022-12-31            True  27.900000  4887817       3069              Sonic Frontiers   2022-11-07 True False  False           Very Positive              93         14850    60.000000        0.000000  0.000000        True               []       148        5\n",
      " 233860        3      0 2018-07-13            True  82.300000  5220359       4145                       Kenshi   2018-12-06 True False  False Overwhelmingly Positive              95         62332    30.000000        0.000000  0.000000        True               []       103       16\n",
      " 289070        0      0 2021-09-08            True  75.400000  3631430       5196 Sid Meier’s Civilization® VI   2016-10-20 True  True   True           Very Positive              85        201288     6.000000        0.000000  0.000000        True               []         5        1\n",
      "1361210        0      0 2022-11-22           False 102.300000  4430173       6280    Warhammer 40000: Darktide   2022-11-30 True False  False                   Mixed              55         61373    40.000000        0.000000  0.000000        True               []       186        5\n",
      "\n",
      "=== End of EDA Report ===\n",
      "=== Robust EDA Report: olist ===\n",
      "\n",
      "=== Info ===\n",
      " rows  columns  memory_bytes\n",
      "57112       38      61392927\n",
      "\n",
      "=== Dtypes ===\n",
      "                       column          dtype\n",
      "                customer_city         object\n",
      "                  customer_id         object\n",
      "               customer_state         object\n",
      "           customer_unique_id         object\n",
      "     customer_zip_code_prefix          int64\n",
      "                freight_value        float64\n",
      "                   geo_points        float64\n",
      "              geolocation_lat        float64\n",
      "              geolocation_lng        float64\n",
      "            order_approved_at         object\n",
      " order_delivered_carrier_date datetime64[ns]\n",
      "order_delivered_customer_date datetime64[ns]\n",
      "order_estimated_delivery_date datetime64[ns]\n",
      "                     order_id         object\n",
      "                order_item_id        float64\n",
      "     order_purchase_timestamp datetime64[ns]\n",
      "                 order_status         object\n",
      "                payment_count          int64\n",
      "     payment_installments_max          int64\n",
      "          payment_value_total        float64\n",
      "                        price        float64\n",
      "        product_category_name         object\n",
      "product_category_name_english         object\n",
      "   product_description_lenght        float64\n",
      "            product_height_cm        float64\n",
      "\n",
      "=== Missing Values ===\n",
      "                       column  missing_count  missing_percent\n",
      "order_delivered_customer_date           1690         2.960000\n",
      "product_category_name_english           1210         2.120000\n",
      "        product_category_name           1197         2.100000\n",
      "          product_name_lenght           1197         2.100000\n",
      "   product_description_lenght           1197         2.100000\n",
      "           product_photos_qty           1197         2.100000\n",
      " order_delivered_carrier_date           1031         1.810000\n",
      "         review_count_product            552         0.970000\n",
      "    review_score_mean_product            552         0.970000\n",
      "             product_weight_g            412         0.720000\n",
      "            product_length_cm            412         0.720000\n",
      "            product_height_cm            412         0.720000\n",
      "             product_width_cm            412         0.720000\n",
      "                order_item_id            401         0.700000\n",
      "                   product_id            401         0.700000\n",
      "                    seller_id            401         0.700000\n",
      "          shipping_limit_date            401         0.700000\n",
      "                        price            401         0.700000\n",
      "                freight_value            401         0.700000\n",
      "       seller_zip_code_prefix            401         0.700000\n",
      "                  seller_city            401         0.700000\n",
      "                 seller_state            401         0.700000\n",
      "              geolocation_lat            158         0.280000\n",
      "              geolocation_lng            158         0.280000\n",
      "                   geo_points            158         0.280000\n",
      "\n",
      "=== Duplicates Summary ===\n",
      " duplicate_rows\n",
      "              0\n",
      "\n",
      "=== Duplicates Preview (up to 20 rows) ===\n",
      "(No duplicate rows found.)\n",
      "\n",
      "=== Numeric Summary (5%..95%) ===\n",
      "                    column        count         mean          std         min          5%          25%          50%          75%          95%          max\n",
      "  customer_zip_code_prefix 57112.000000 35326.255235 29964.312519 1004.000000 3312.000000 11420.000000 24358.000000 59300.000000 90650.000000 99970.000000\n",
      "           geolocation_lat 56954.000000   -21.242107     5.573136  -33.689948  -28.671922   -23.593128   -22.931071   -20.162109    -7.996827    22.567952\n",
      "           geolocation_lng 56954.000000   -46.223953     4.055961  -72.668881  -52.403995   -48.179232   -46.636112   -43.671485   -38.502701   -23.583939\n",
      "                geo_points 56954.000000   153.916020   154.575907    1.000000   17.000000    54.000000   103.000000   196.000000   472.000000  1146.000000\n",
      "             order_item_id 56711.000000     1.208020     0.767633    1.000000    1.000000     1.000000     1.000000     1.000000     2.000000    21.000000\n",
      "                     price 56711.000000   120.727331   183.191204    0.850000   17.260000    39.900000    74.900000   134.900000   349.900000  6735.000000\n",
      "             freight_value 56711.000000    19.996885    15.819249    0.000000    7.780000    13.070000    16.250000    21.150000    45.120000   339.590000\n",
      "       product_name_lenght 55915.000000    48.751015    10.028774    5.000000   29.000000    42.000000    52.000000    57.000000    60.000000    76.000000\n",
      "product_description_lenght 55915.000000   788.310954   653.451422    4.000000  160.000000   347.000000   602.000000   991.000000  2126.000000  3988.000000\n",
      "        product_photos_qty 55915.000000     2.208048     1.717142    1.000000    1.000000     1.000000     1.000000     3.000000     6.000000    20.000000\n",
      "          product_weight_g 56700.000000  2080.418395  3727.619819    0.000000  125.000000   300.000000   700.000000  1800.000000  9750.000000 40425.000000\n",
      "         product_length_cm 56700.000000    30.120106    16.234778    7.000000   16.000000    18.000000    25.000000    38.000000    62.000000   105.000000\n",
      "         product_height_cm 56700.000000    16.574515    13.435749    2.000000    3.000000     8.000000    13.000000    20.000000    45.000000   105.000000\n",
      "          product_width_cm 56700.000000    23.020194    11.764389    6.000000   11.000000    15.000000    20.000000    30.000000    45.000000   118.000000\n",
      "    seller_zip_code_prefix 56711.000000 24461.932994 27593.004632 1001.000000 2955.000000  6429.000000 13601.000000 28615.000000 88352.000000 99730.000000\n",
      "       payment_value_total 57112.000000   181.424596   255.022778    9.590000   33.560000    65.637500   114.440000   195.845000   547.290000  7274.880000\n",
      "  payment_installments_max 57112.000000     3.037068     2.816686    1.000000    1.000000     1.000000     2.000000     4.000000    10.000000    24.000000\n",
      "             payment_count 57112.000000     1.042373     0.338230    1.000000    1.000000     1.000000     1.000000     1.000000     1.000000    22.000000\n",
      "      review_count_product 56560.000000    16.575265    35.367570    1.000000    1.000000     1.000000     4.000000    13.000000    80.000000   237.000000\n",
      " review_score_mean_product 56560.000000     4.046880     0.953164    1.000000    2.000000     3.750000     4.181818     4.800000     5.000000     5.000000\n",
      "\n",
      "=== Skew and Kurtosis ===\n",
      "                    column      skew   kurtosis\n",
      "  customer_zip_code_prefix  0.767650  -0.820429\n",
      "           geolocation_lat  1.617795   2.954737\n",
      "           geolocation_lng -0.011211   2.082844\n",
      "                geo_points  2.321107   7.370422\n",
      "             order_item_id  8.340554 119.953352\n",
      "                     price  7.721360 113.047270\n",
      "             freight_value  5.561086  56.594727\n",
      "       product_name_lenght -0.906197   0.162606\n",
      "product_description_lenght  1.989955   4.807342\n",
      "        product_photos_qty  1.896074   4.768022\n",
      "          product_weight_g  3.609333  16.372138\n",
      "         product_length_cm  1.793189   3.903683\n",
      "         product_height_cm  2.254686   7.434475\n",
      "          product_width_cm  1.725330   4.640717\n",
      "    seller_zip_code_prefix  1.554189   0.932880\n",
      "       payment_value_total  6.902544  92.187052\n",
      "  payment_installments_max  1.533662   2.053023\n",
      "             payment_count 19.740466 686.111906\n",
      "      review_count_product  3.795675  15.967153\n",
      " review_score_mean_product -1.545777   2.508500\n",
      "\n",
      "=== IQR Outlier Counts ===\n",
      "                    column  outlier_count\n",
      "  customer_zip_code_prefix              0\n",
      "           geolocation_lat           9274\n",
      "           geolocation_lng           2358\n",
      "                geo_points           3878\n",
      "             order_item_id           7112\n",
      "                     price           4266\n",
      "             freight_value           6144\n",
      "       product_name_lenght            396\n",
      "product_description_lenght           3466\n",
      "        product_photos_qty           1532\n",
      "          product_weight_g           7891\n",
      "         product_length_cm           1818\n",
      "         product_height_cm           3851\n",
      "          product_width_cm           1317\n",
      "    seller_zip_code_prefix           8695\n",
      "       payment_value_total           4695\n",
      "  payment_installments_max           4150\n",
      "             payment_count           1682\n",
      "      review_count_product           7354\n",
      " review_score_mean_product           3559\n",
      "\n",
      "=== Correlation (first 30 numeric columns) ===\n",
      "                            customer_zip_code_prefix  geolocation_lat  geolocation_lng  geo_points  order_item_id     price  freight_value  product_name_lenght  product_description_lenght  product_photos_qty  product_weight_g  product_length_cm  product_height_cm  product_width_cm  seller_zip_code_prefix  payment_value_total  payment_installments_max  payment_count  review_count_product  review_score_mean_product\n",
      "column                                                                                                                                                                                                                                                                                                                                                                                                                          \n",
      "customer_zip_code_prefix                    1.000000         0.114246        -0.315444   -0.076070       0.007839  0.043006       0.224513             0.011726                    0.026514            0.020282          0.003531           0.008215           0.008429         -0.010207                0.074296             0.066077                  0.057689       0.000282              0.020712                  -0.009750\n",
      "geolocation_lat                             0.114246         1.000000         0.446934   -0.131199      -0.019549  0.058264       0.273847             0.011964                    0.030683            0.028636          0.003059          -0.016463          -0.009238         -0.020918               -0.034470             0.067947                  0.059889       0.005620              0.009029                  -0.019352\n",
      "geolocation_lng                            -0.315444         0.446934         1.000000    0.064783      -0.025574  0.017126       0.088602            -0.004490                    0.005219            0.002690         -0.000912          -0.014794          -0.006939         -0.004800               -0.035450             0.015022                  0.033445       0.005787              0.013201                  -0.025381\n",
      "geo_points                                 -0.076070        -0.131199         0.064783    1.000000       0.011523  0.002754      -0.028357            -0.009565                   -0.007848           -0.017013          0.006009           0.009145           0.005925          0.004015                0.023012             0.008278                 -0.007928      -0.000346             -0.014301                  -0.006478\n",
      "order_item_id                               0.007839        -0.019549        -0.025574    0.011523       1.000000 -0.063351      -0.028872            -0.029424                   -0.013780           -0.055439         -0.006697           0.005580           0.031915         -0.016102               -0.021940             0.301118                  0.069668      -0.008804             -0.012861                  -0.111350\n",
      "price                                       0.043006         0.058264         0.017126    0.002754      -0.063351  1.000000       0.412234             0.018342                    0.200244            0.055703          0.340145           0.144395           0.224335          0.173256                0.083872             0.786464                  0.289809       0.000884             -0.059365                  -0.008801\n",
      "freight_value                               0.224513         0.273847         0.088602   -0.028357      -0.028872  0.412234       1.000000             0.022418                    0.098720            0.023663          0.609297           0.305098           0.395276          0.321795                0.144124             0.413308                  0.189929       0.005668             -0.035674                  -0.037346\n",
      "product_name_lenght                         0.011726         0.011964        -0.004490   -0.009565      -0.029424  0.018342       0.022418             1.000000                    0.093397            0.147363          0.024296           0.058206          -0.027160          0.065388               -0.033181             0.001875                  0.019822       0.004901              0.053329                  -0.003355\n",
      "product_description_lenght                  0.026514         0.030683         0.005219   -0.007848      -0.013780  0.200244       0.098720             0.093397                    1.000000            0.116986          0.064348           0.011994           0.076503         -0.062054                0.064761             0.167723                  0.042810      -0.005139             -0.025795                   0.016467\n",
      "product_photos_qty                          0.020282         0.028636         0.002690   -0.017013      -0.055439  0.055703       0.023663             0.147363                    0.116986            1.000000          0.024786           0.051709          -0.031494          0.012710               -0.040402             0.007622                  0.005888      -0.001234              0.026111                   0.021789\n",
      "product_weight_g                            0.003531         0.003059        -0.000912    0.006009      -0.006697  0.340145       0.609297             0.024296                    0.064348            0.024786          1.000000           0.457042           0.584060          0.504902                0.004779             0.339040                  0.179959       0.008956             -0.022889                  -0.046308\n",
      "product_length_cm                           0.008215        -0.016463        -0.014794    0.009145       0.005580  0.144395       0.305098             0.058206                    0.011994            0.051709          0.457042           1.000000           0.187068          0.534622                0.030633             0.162798                  0.125897       0.011742              0.012981                  -0.038325\n",
      "product_height_cm                           0.008429        -0.009238        -0.006939    0.005925       0.031915  0.224335       0.395276            -0.027160                    0.076503           -0.031494          0.584060           0.187068           1.000000          0.281592                0.007664             0.247667                  0.121510      -0.000815             -0.045822                  -0.034715\n",
      "product_width_cm                           -0.010207        -0.020918        -0.004800    0.004015      -0.016102  0.173256       0.321795             0.065388                   -0.062054            0.012710          0.504902           0.534622           0.281592          1.000000               -0.013379             0.163999                  0.137540       0.015245              0.059756                  -0.021040\n",
      "seller_zip_code_prefix                      0.074296        -0.034470        -0.035450    0.023012      -0.021940  0.083872       0.144124            -0.033181                    0.064761           -0.040402          0.004779           0.030633           0.007664         -0.013379                1.000000             0.072389                  0.045025      -0.003432             -0.067429                   0.030680\n",
      "payment_value_total                         0.066077         0.067947         0.015022    0.008278       0.301118  0.786464       0.413308             0.001875                    0.167723            0.007622          0.339040           0.162798           0.247667          0.163999                0.072389             1.000000                  0.285605      -0.003588             -0.054492                  -0.075655\n",
      "payment_installments_max                    0.057689         0.059889         0.033445   -0.007928       0.069668  0.289809       0.189929             0.019822                    0.042810            0.005888          0.179959           0.125897           0.121510          0.137540                0.045025             0.285605                  1.000000      -0.042874             -0.017166                  -0.031732\n",
      "payment_count                               0.000282         0.005620         0.005787   -0.000346      -0.008804  0.000884       0.005668             0.004901                   -0.005139           -0.001234          0.008956           0.011742          -0.000815          0.015245               -0.003432            -0.003588                 -0.042874       1.000000             -0.009782                  -0.005263\n",
      "review_count_product                        0.020712         0.009029         0.013201   -0.014301      -0.012861 -0.059365      -0.035674             0.053329                   -0.025795            0.026111         -0.022889           0.012981          -0.045822          0.059756               -0.067429            -0.054492                 -0.017166      -0.009782              1.000000                   0.007517\n",
      "review_score_mean_product                  -0.009750        -0.019352        -0.025381   -0.006478      -0.111350 -0.008801      -0.037346            -0.003355                    0.016467            0.021789         -0.046308          -0.038325          -0.034715         -0.021040                0.030680            -0.075655                 -0.031732      -0.005263              0.007517                   1.000000\n",
      "\n",
      "=== Categorical Values (Top 20 per column) ===\n",
      "     column                            value  count  percent\n",
      "   order_id 8272b63d03f5f79c56e9e4120aec44ef     21 0.040000\n",
      "   order_id ab14fdcfbe524636d65ee38360e22ce8     20 0.040000\n",
      "   order_id 1b15974a0141d54e36626dca3fdc731a     20 0.040000\n",
      "   order_id 9ef13efd6949e4573a18964dd1bbe7f5     15 0.030000\n",
      "   order_id 9bdc4d4c71aa1de4606060929dee888c     14 0.020000\n",
      "   order_id af822dacd6f5cff7376413c03a388bb7     12 0.020000\n",
      "   order_id 3a213fcdfe7d98be74ea0dc05a8b31ae     12 0.020000\n",
      "   order_id 637617b3ffe9e2f7a2411243829226d0     12 0.020000\n",
      "   order_id 7f2c22c54cbae55091a09a9653fd2b8a     11 0.020000\n",
      "   order_id 6c355e2913545fa6f72c40cbca57729e     11 0.020000\n",
      "   order_id 5a3b1c29a49756e75f1ef513383c0c12     11 0.020000\n",
      "   order_id 71dab1155600756af6de79de92e712e3     11 0.020000\n",
      "   order_id ca3625898fbd48669d50701aba51cd5f     10 0.020000\n",
      "   order_id 30bdf3d824d824610a49887486debcaf     10 0.020000\n",
      "   order_id 9aec4e1ae90b23c7bf2d2b3bfafbd943     10 0.020000\n",
      "   order_id f80549a97eb203e1566e026ab66f045b     10 0.020000\n",
      "   order_id e8fa22c3673b1dd17ea315021b1f0f61     10 0.020000\n",
      "   order_id f5aa338a071dcf7d23d8e6b116bfcab5      9 0.020000\n",
      "   order_id c52c7fbe316b5b9d549e8a25206b8a1f      9 0.020000\n",
      "   order_id 612d140e314dab491efb33ec8219c2ee      8 0.010000\n",
      "customer_id fc3d1daec319d62d49bfb5e1f83123e9     21 0.040000\n",
      "customer_id bd5d39761aa56689a265d95d8d32b8be     20 0.040000\n",
      "customer_id be1b70680b9f9694d8c70f41fa3dc92b     20 0.040000\n",
      "customer_id adb32467ecc74b53576d9d13a5a55891     15 0.030000\n",
      "customer_id a7693fba2ff9583c78751f2b66ecab9d     14 0.020000\n",
      "\n",
      "=== Unique Counts Per Column ===\n",
      "                       column  unique_values\n",
